GenOpt(R) Version 3.1.1, March 29, 2016

Lawrence Berkeley National Laboratory
http://simulationresearch.lbl.gov
Michael Wetter, MWetter@lbl.gov

GenOpt Copyright (c) 1998-2016, The Regents of the
University of California, through Lawrence Berkeley
National Laboratory (subject to receipt of any 
required approvals from the U.S. Dept. of Energy).
All rights reserved.
_______________________________________________________________

Results of GPSPSOCCHJ algorithm
Start time: Sun Dec 23 18:07:51 GMT 2018

All Iterations


Simulation Number	Main Iteration	Sub Iteration	Step Number	Es_tot	Es_heat	Es_cool	Es_light	Q_heat	Q_cool	E_lights	windowLength	windowWidth	setpointT	setpointS	slatAng
1	1	1	1	3.636783335539628E10	2.9185957949133327E10	2.115966987127618E8	6.970278707550192E9	1.824122371820833E10	1.9236063519341978E8	2.1122056689546037E9	0.2	0.2	5.0	100.0	10.0	Generation 1.
2	2	1	1	2.576158602471514E10	2.0822576816740784E10	8.770989519504112E8	4.061910256023945E9	1.301411051046299E10	7.973626835912828E8	1.2308818957648318E9	4.8	1.0	11.0	400.0	85.0	Generation 1.
3	3	1	1	3.4618775709101135E10	2.8229317777242706E10	2.7116134253308105E8	6.118296589325348E9	1.764332361077669E10	2.4651031139371002E8	1.8540292694925296E9	0.2	2.1	33.0	940.0	85.0	Generation 1.
4	4	1	1	2.9823019060795883E10	2.4248664795407745E10	6.144386414889238E8	4.959915623899214E9	1.515541549712984E10	5.585805831717489E8	1.5030047345149133E9	2.7	0.9	14.0	540.0	20.0	Generation 1.
5	5	1	1	2.5283129606177963E10	1.9803805991069923E10	1.5187606105931513E9	3.9605630045148897E9	1.2377378744418701E10	1.380691464175592E9	1.2001706074287546E9	5.1	1.5	9.5	440.0	20.0	Generation 1.
6	6	1	1	2.504649623905763E10	1.9167290988690174E10	2.654727343388586E9	3.2244779069788694E9	1.1979556867931358E10	2.4133884939896235E9	9.771145172663242E8	4.6	1.8	5.0	560.0	70.0	Generation 1.
7	7	1	1	3.1725798622674255E10	2.6113506507407803E10	4.3492215777141595E8	5.177369957495035E9	1.6320941567129875E10	3.953837797921963E8	1.5688999871197076E9	1.1	1.2	21.5	600.0	25.0	Generation 1.
8	8	1	1	3.3614201804736835E10	2.7257473594841583E10	3.181178848239741E8	6.038610325071277E9	1.7035920996775988E10	2.891980771127037E8	1.8298819166882658E9	4.1	0.6	5.5	240.0	25.0	Generation 1.
9	9	1	1	2.2952044531527927E10	1.7777190915285084E10	1.6610059159481776E9	3.5138477002946663E9	1.1110744322053177E10	1.5100053781347067E9	1.0648023334226261E9	3.6	2.1	12.5	440.0	25.0	Generation 1.
10	10	1	1	2.9802296933204643E10	2.4269249677816986E10	5.964754777268475E8	4.9365717776608095E9	1.5168281048635616E10	5.42250434297134E8	1.495930841715397E9	2.9	0.7	31.5	140.0	55.0	Generation 1.
11	11	1	1	3.073605584407528E10	2.503423569766215E10	5.76947758835353E8	5.124872387577776E9	1.5646397311038843E10	5.244979625775936E8	1.5529916325993261E9	4.3	0.4	24.5	960.0	25.0	Generation 1.
12	12	1	1	2.8349271113486893E10	2.320106820835132E10	6.696908893863924E8	4.478512015749183E9	1.4500667630219574E10	6.088098994421748E8	1.357124853257328E9	2.6	1.1	15.0	500.0	50.0	Generation 1.
13	13	1	1	2.5661737649850082E10	1.4417693058733362E10	7.993573113875177E9	3.250471477241544E9	9.011058161708351E9	7.266884648977433E9	9.849913567398618E8	6.5	1.5	32.5	540.0	50.0	Generation 1.
14	14	1	1	2.906689304182638E10	2.358978199719378E10	7.38360189579444E8	4.738750855053157E9	1.474361374824611E10	6.712365359813128E8	1.4359851075918658E9	2.9	0.8	26.5	940.0	25.0	Generation 1.
15	15	1	1	3.0449988040049706E10	2.523547179518871E10	5.181334807559125E8	4.696382764105082E9	1.5772169871992943E10	4.7103043705082947E8	1.4231462921530552E9	1.3	1.3	21.5	620.0	75.0	Generation 1.
16	16	1	1	2.860405752734187E10	2.3114656913404922E10	8.682637968836011E8	4.621136817053345E9	1.4446660570878077E10	7.893307244396373E8	1.4003444900161653E9	4.6	0.6	12.5	780.0	30.0	Generation 1.
17	17	1	1	3.4621312468179085E10	2.8014962287065548E10	2.5569152485851857E8	6.350658656255021E9	1.7509351429415966E10	2.324468407804714E8	1.9244420170469763E9	2.1	0.7	6.5	220.0	15.0	Generation 2.
18	18	1	1	2.4906480057081055E10	2.003906197426163E10	1.3738780089713776E9	3.4935400738480434E9	1.2524413733913519E10	1.2489800081557977E9	1.0586485072266799E9	4.7	1.3	8.5	460.0	80.0	Generation 2.
19	19	1	1	2.5982544439963177E10	2.1340482776161102E10	1.0294732038493059E9	3.61258845995277E9	1.3337801735100687E10	9.358847307720962E8	1.0947237757432637E9	2.0	1.7	24.5	740.0	85.0	Generation 2.
20	20	1	1	2.909564225735728E10	2.3505423012189552E10	8.027894892158077E8	4.787429755951919E9	1.469088938261847E10	7.298086265598251E8	1.4507362896823997E9	3.4	0.8	13.5	640.0	25.0	Generation 2.
21	21	1	1	2.4488673228154194E10	1.911089409739703E10	1.5526129419642491E9	3.825166188792917E9	1.1944308810873142E10	1.41146631087659E9	1.159141269331187E9	4.5	1.7	10.5	440.0	20.0	Generation 2.
21	22	1	1	2.504649623905763E10	1.9167290988690174E10	2.654727343388586E9	3.2244779069788694E9	1.1979556867931358E10	2.4133884939896235E9	9.771145172663242E8	4.6	1.8	5.0	560.0	70.0	Generation 2.
22	23	1	1	2.7010998903951584E10	2.2176911275586308E10	8.704306308545023E8	3.963656997510772E9	1.3860569547241442E10	7.913005735040929E8	1.2011081810638704E9	2.4	1.4	15.0	580.0	40.0	Generation 2.
23	24	1	1	3.0788878449553825E10	2.495303000063878E10	4.621405641062462E8	5.373707884808801E9	1.5595643750399237E10	4.2012778555113286E8	1.6283963287299397E9	4.5	0.9	7.0	320.0	25.0	Generation 2.
23	25	1	1	2.2952044531527927E10	1.7777190915285084E10	1.6610059159481776E9	3.5138477002946663E9	1.1110744322053177E10	1.5100053781347067E9	1.0648023334226261E9	3.6	2.1	12.5	440.0	25.0	Generation 2.
24	26	1	1	2.519815984924288E10	2.052769186606619E10	5.760141191626925E8	4.0944538640139995E9	1.2829807416291367E10	5.236491992388113E8	1.2407435951557574E9	3.2	1.2	24.5	260.0	45.0	Generation 2.
25	27	1	1	2.846521638381578E10	2.303480557985668E10	8.164924129538298E8	4.613918391005269E9	1.4396753487410425E10	7.42265829958027E8	1.398157088183415E9	3.7	0.7	21.0	780.0	35.0	Generation 2.
26	28	1	1	2.5377126148570854E10	2.06078025669736E10	9.497572876554147E8	3.8195662939418406E9	1.28798766043585E10	8.634157160503769E8	1.1574443314975276E9	3.0	1.5	14.0	480.0	40.0	Generation 2.
27	29	1	1	2.392896657203518E10	1.4636512700375166E10	6.060630423186279E9	3.231823448473731E9	9.147820437734478E9	5.509664021078435E9	9.793404389314337E8	5.4	1.7	25.0	500.0	40.0	Generation 2.
28	30	1	1	2.434493952505789E10	1.890703807779596E10	1.7358774877832568E9	3.702023959478675E9	1.1816898798622475E10	1.5780704434393241E9	1.1218254422662652E9	4.3	1.1	29.0	780.0	35.0	Generation 2.
29	31	1	1	2.8396726446924343E10	2.3177560149085564E10	7.857814878537627E8	4.433384809985017E9	1.4485975093178476E10	7.143468071397842E8	1.343449942419702E9	2.6	1.0	18.0	680.0	60.0	Generation 2.
30	32	1	1	2.4464701936856915E10	1.89825123124245E10	1.579826858699626E9	3.9023627657327876E9	1.1864070195265312E10	1.436206235181478E9	1.182534171434178E9	5.3	0.9	20.0	680.0	40.0	Generation 2.
31	33	1	1	3.1647975713890175E10	2.5710888649549343E10	3.4509216528689486E8	5.591994899053936E9	1.6069305405968338E10	3.137201502608135E8	1.694543908804223E9	3.0	1.0	8.5	280.0	20.0	Generation 3.
32	34	1	1	2.4361916900779167E10	1.9305489627169125E10	1.644002258912472E9	3.4124250146975713E9	1.2065931016980701E10	1.4945475081022472E9	1.0340681862719914E9	4.6	1.4	9.5	500.0	75.0	Generation 3.
33	35	1	1	2.477109980526014E10	1.994672746381179E10	1.2554127045131204E9	3.5689596369352293E9	1.2466704664882368E10	1.1412842768301094E9	1.081502920283403E9	2.8	1.5	20.0	640.0	85.0	Generation 3.
34	36	1	1	2.8190121944658382E10	2.2677917623585186E10	9.266776156118251E8	4.585526705461373E9	1.417369851474074E10	8.4243419601075E8	1.389553547109507E9	3.8	0.8	14.0	680.0	30.0	Generation 3.
35	37	1	1	2.411170481447069E10	1.8809898194281303E10	1.5342371901304433E9	3.7675694300589437E9	1.1756186371425814E10	1.3947610819367666E9	1.1416877060784678E9	4.2	1.8	11.0	440.0	20.0	Generation 3.
36	38	1	1	2.4991866725341473E10	1.911664277646203E10	2.6507460419005723E9	3.2244779069788694E9	1.1947901735288767E10	2.40976912900052E9	9.771145172663242E8	4.6	1.8	5.5	560.0	65.0	Generation 3.
37	39	1	1	2.5522396624684986E10	2.0604035380752377E10	1.2634430226495025E9	3.6549182212831073E9	1.2877522112970234E10	1.1485845660450022E9	1.1075509761463962E9	3.1	1.5	12.0	580.0	50.0	Generation 3.
38	40	1	1	2.8716529724391907E10	2.3332234519232555E10	5.960385467781497E8	4.788256658381205E9	1.4582646574520346E10	5.418532243437724E8	1.4509868661761227E9	4.6	1.1	8.0	360.0	25.0	Generation 3.
38	41	1	1	2.2952044531527927E10	1.7777190915285084E10	1.6610059159481776E9	3.5138477002946663E9	1.1110744322053177E10	1.5100053781347067E9	1.0648023334226261E9	3.6	2.1	12.5	440.0	25.0	Generation 3.
39	42	1	1	2.332963516544075E10	1.881619657544505E10	6.422246923593469E8	3.871213897636354E9	1.1760122859653156E10	5.83840629417588E8	1.1730951204958649E9	3.3	1.5	21.0	320.0	40.0	Generation 3.
40	43	1	1	2.827961868941897E10	2.2844960125029068E10	8.349530855947496E8	4.599705478795153E9	1.4278100078143166E10	7.590482596315905E8	1.3938501450894403E9	3.4	0.8	20.0	680.0	40.0	Generation 3.
41	44	1	1	2.4204635863482777E10	1.946859238607309E10	1.0641653339358593E9	3.6718781434738283E9	1.2167870241295681E10	9.674230308507811E8	1.1126903465072207E9	3.2	1.7	13.5	460.0	35.0	Generation 3.
42	45	1	1	2.2669553766253437E10	1.4857914309403904E10	4.553871654199861E9	3.2577678026496725E9	9.28619644337744E9	4.1398833219998727E9	9.872023644392947E8	4.9	1.8	21.5	480.0	35.0	Generation 3.
43	46	1	1	2.334852943355916E10	1.7247557375360798E10	2.579024531668378E9	3.521947526529984E9	1.0779723359600498E10	2.3445677560621614E9	1.0672568262212074E9	4.9	1.2	29.5	700.0	40.0	Generation 3.
44	47	1	1	2.7901122003563683E10	2.2585862725869785E10	8.876668553895854E8	4.427592422304312E9	1.4116164203668615E10	8.069698685359867E8	1.341694673425549E9	3.2	0.9	17.5	700.0	50.0	Generation 3.
45	48	1	1	2.303683353273974E10	1.6946148219039717E10	2.517879667848662E9	3.572805645851362E9	1.0591342636899822E10	2.288981516226056E9	1.082668377530716E9	5.6	1.1	23.0	640.0	45.0	Generation 3.
46	49	1	1	3.0160015692398506E10	2.4512338393416E10	3.9007326910861915E8	5.257604029873888E9	1.5320211495885E10	3.546120628260174E8	1.5932133423860269E9	3.3	1.1	9.5	300.0	20.0	Generation 4.
47	50	1	1	2.4180589503138462E10	1.9047526193244198E10	1.7246181321657453E9	3.4084451777285204E9	1.1904703870777622E10	1.567834665605223E9	1.0328621750692487E9	4.6	1.4	10.0	520.0	75.0	Generation 4.
48	51	1	1	2.4636190128919304E10	1.978718784377017E10	1.2549290184549172E9	3.5940732666942167E9	1.2366992402356354E10	1.1408445622317429E9	1.0891131111194596E9	3.1	1.4	18.5	600.0	85.0	Generation 4.
49	52	1	1	2.781886278957647E10	2.2319484416703922E10	9.938534255708758E8	4.505524947301668E9	1.394967776043995E10	9.035031141553415E8	1.3653105900914147E9	4.0	0.8	14.0	700.0	30.0	Generation 4.
50	53	1	1	2.4198922687998108E10	1.895600757937061E10	1.4611382720477154E9	3.7817768365797834E9	1.184750473710663E10	1.3283075200433776E9	1.1459929807817526E9	4.1	1.8	11.0	440.0	20.0	Generation 4.
50	54	1	1	2.4991866725341473E10	1.911664277646203E10	2.6507460419005723E9	3.2244779069788694E9	1.1947901735288767E10	2.40976912900052E9	9.771145172663242E8	4.6	1.8	5.5	560.0	65.0	Generation 4.
51	55	1	1	2.543219997495648E10	2.0480064022491806E10	1.369236986476947E9	3.582898965987724E9	1.2800040014057379E10	1.2447608967972245E9	1.0857269593902194E9	3.3	1.5	11.0	580.0	55.0	Generation 4.
52	56	1	1	2.7736503570690056E10	2.2505617666562023E10	6.918501934752165E8	4.539035710652819E9	1.4066011041601263E10	6.289547213411058E8	1.3754653668644905E9	4.6	1.2	8.5	380.0	25.0	Generation 4.
52	57	1	1	2.2952044531527927E10	1.7777190915285084E10	1.6610059159481776E9	3.5138477002946663E9	1.1110744322053177E10	1.5100053781347067E9	1.0648023334226261E9	3.6	2.1	12.5	440.0	25.0	Generation 4.
53	58	1	1	2.289649819549234E10	1.8411524277864616E10	6.965596991398672E8	3.788414218487857E9	1.1507202673665384E10	6.33236090127152E8	1.148004308632684E9	3.3	1.6	19.5	340.0	40.0	Generation 4.
54	59	1	1	2.7637232463682793E10	2.2361825220402416E10	8.70362688147408E8	4.40504455513297E9	1.3976140762751509E10	7.912388074067345E8	1.3348619864039304E9	3.3	0.9	19.5	640.0	40.0	Generation 4.
55	60	1	1	2.355487971852613E10	1.880350864168278E10	1.1838770033819618E9	3.5674940734613895E9	1.1752192901051737E10	1.0762518212563288E9	1.081058810139815E9	3.3	1.8	13.5	460.0	35.0	Generation 4.
56	61	1	1	2.2182156917113007E10	1.5115389100709217E10	3.78592714699166E9	3.2808406694121304E9	9.44711818794326E9	3.4417519518106E9	9.941941422461002E8	4.7	1.8	20.0	480.0	35.0	Generation 4.
57	62	1	1	2.315356134778468E10	1.6394116993902222E10	3.33129728392839E9	3.4281470699540687E9	1.0246323121188889E10	3.0284520762985363E9	1.0388324454406269E9	5.1	1.3	29.5	680.0	40.0	Generation 4.
58	63	1	1	2.7481351382930214E10	2.2183631076590836E10	9.514107677663351E8	4.346309538573044E9	1.3864769422869272E10	8.649188797875773E8	1.317063496537286E9	3.4	0.9	17.5	720.0	45.0	Generation 4.
59	64	1	1	2.294879158359491E10	1.622029490060089E10	3.25652949295313E9	3.4719671900408907E9	1.0137684312875555E10	2.960481357230118E9	1.0521112697093608E9	5.7	1.2	24.0	620.0	45.0	Generation 4.
60	65	1	1	2.8113908157219345E10	2.2805368178455257E10	4.471644419549444E8	4.861375536809143E9	1.4253355111534534E10	4.065131290499494E8	1.473144102063377E9	3.6	1.2	11.0	320.0	20.0	Generation 5.
61	66	1	1	2.3368287252831482E10	1.8159042698779827E10	1.7988548547724402E9	3.410389699279214E9	1.134940168673739E10	1.6353225952476728E9	1.0334514240240042E9	4.6	1.4	12.0	540.0	70.0	Generation 5.
62	67	1	1	2.408503713968359E10	1.9205849902282055E10	1.334959922074212E9	3.544227315327323E9	1.2003656188926283E10	1.2135999291583745E9	1.074008277371916E9	3.4	1.4	17.0	580.0	85.0	Generation 5.
63	68	1	1	2.735864704793482E10	2.188369604689165E10	1.0461631100076007E9	4.428787891035568E9	1.3677310029307281E10	9.510573727341824E8	1.342056936677445E9	4.2	0.8	15.0	700.0	30.0	Generation 5.
63	69	1	1	2.4198922687998108E10	1.895600757937061E10	1.4611382720477154E9	3.7817768365797834E9	1.184750473710663E10	1.3283075200433776E9	1.1459929807817526E9	4.1	1.8	11.0	440.0	20.0	Generation 5.
64	70	1	1	2.4588608486734806E10	1.8896646659135384E10	2.4622016449525514E9	3.229760182646871E9	1.1810404161959614E10	2.2383651317750463E9	9.787152068626883E8	4.5	1.8	7.0	540.0	60.0	Generation 5.
65	71	1	1	2.4993732382330795E10	2.0041957005926907E10	1.4255466043740418E9	3.5262287720298448E9	1.2526223128704315E10	1.295951458521856E9	1.0685541733423772E9	3.4	1.5	11.5	580.0	60.0	Generation 5.
66	72	1	1	2.6950224006237602E10	2.1812060866234375E10	8.004734559715313E8	4.337689684031697E9	1.3632538041396484E10	7.27703141792301E8	1.3144514194035447E9	4.5	1.3	9.0	400.0	25.0	Generation 5.
67	73	1	1	2.239871565321737E10	1.7087598996202967E10	1.8364629390462613E9	3.4746537179681387E9	1.0679749372626854E10	1.6695117627693284E9	1.0529253690812542E9	3.7	2.1	13.5	440.0	25.0	Generation 5.
68	74	1	1	2.296087660202271E10	1.847712827297084E10	6.792056571557779E8	3.804542671896091E9	1.1548205170606775E10	6.174596883234345E8	1.1528917187563913E9	3.3	1.6	19.0	340.0	40.0	Generation 5.
69	75	1	1	2.6842047191809402E10	2.1720699829339554E10	9.238740752865354E8	4.1974732871833124E9	1.3575437393337221E10	8.398855229877594E8	1.2719616021767614E9	3.3	1.0	19.5	600.0	40.0	Generation 5.
70	76	1	1	2.2715684845113136E10	1.77311038192162E10	1.5188903941331105E9	3.4656906317638254E9	1.1081939887010126E10	1.3808094492119186E9	1.0502092823526744E9	3.6	1.8	14.5	480.0	35.0	Generation 5.
71	77	1	1	2.2041953556784836E10	1.5234653644617613E10	3.515888331098293E9	3.2914115810689306E9	9.521658527886007E9	3.196262119180266E9	9.97397448808767E8	4.6	1.8	19.5	480.0	35.0	Generation 5.
72	78	1	1	2.318261190238028E10	1.5914765583692793E10	3.899326600452432E9	3.3685197182350554E9	9.946728489807995E9	3.544842364047665E9	1.0207635509803199E9	5.1	1.4	28.5	640.0	40.0	Generation 5.
73	79	1	1	2.689538933491204E10	2.1609772742783337E10	1.0400662998444685E9	4.245550292284239E9	1.3506107964239584E10	9.455148180404258E8	1.2865303916012845E9	3.7	0.9	18.0	720.0	45.0	Generation 5.
74	80	1	1	2.2969226970867E10	1.582696435017987E10	3.7356029143591366E9	3.40665970632799E9	9.89185271886242E9	3.3960026494173965E9	1.032321123129694E9	5.6	1.3	24.0	600.0	45.0	Generation 5.
75	81	1	1	2.3942192812610073E10	1.9153877964538296E10	6.989367856573005E8	4.089378062414477E9	1.1971173727836433E10	6.353970778702731E8	1.2392054734589324E9	4.0	1.4	14.5	380.0	25.0	Generation 6.
76	82	1	1	2.24866427100184E10	1.6472355118427387E10	2.622379153766838E9	3.391908437824172E9	1.0295221949017117E10	2.3839810488789434E9	1.0278510417649007E9	4.8	1.4	18.5	600.0	60.0	Generation 6.
77	83	1	1	2.3499675551449345E10	1.8515303307714703E10	1.5075570577895763E9	3.476815185945064E9	1.1572064567321688E10	1.370506416172342E9	1.0535803593772922E9	3.9	1.4	15.0	560.0	80.0	Generation 6.
78	84	1	1	2.517202335530405E10	1.9800179933993782E10	1.368979879628221E9	4.00286354168205E9	1.2375112458746113E10	1.2445271632983828E9	1.2129889520248637E9	4.8	0.9	18.5	680.0	35.0	Generation 6.
79	85	1	1	2.3413103377948833E10	1.8106653590072475E10	1.6215584758806012E9	3.6848913119957576E9	1.1316658493795298E10	1.4741440689823647E9	1.1166337309078054E9	4.0	1.9	12.0	440.0	20.0	Generation 6.
80	86	1	1	2.3442449798257355E10	1.856358411485926E10	1.5047819110776865E9	3.3740837723204074E9	1.1602240071787037E10	1.3679835555251694E9	1.0224496279758811E9	4.0	1.7	11.5	460.0	50.0	Generation 6.
81	87	1	1	2.4303007952089226E10	1.938107213387206E10	1.434339622258921E9	3.4875961959582458E9	1.2113170083670036E10	1.3039451111444736E9	1.0568473321085594E9	3.4	1.5	13.5	580.0	70.0	Generation 6.
82	88	1	1	2.483228507024136E10	1.9804596995990814E10	1.164888890441413E9	3.862799183809133E9	1.2377873122494259E10	1.0589899004012843E9	1.1705452072148888E9	4.2	1.5	11.0	440.0	30.0	Generation 6.
83	89	1	1	2.1729670649229523E10	1.5961617779402952E10	2.418975552716802E9	3.34907731710977E9	9.976011112126844E9	2.1990686842880015E9	1.0148719142756879E9	4.0	2.0	16.0	460.0	30.0	Generation 6.
84	90	1	1	2.208426551925178E10	1.7539199866822136E10	9.083620961830469E8	3.6367035562465973E9	1.0961999916763834E10	8.257837238027699E8	1.102031380680787E9	3.4	1.8	17.5	380.0	35.0	Generation 6.
85	91	1	1	2.4682301779653614E10	1.9826294619871174E10	1.0813173745182402E9	3.7746897852641983E9	1.2391434137419483E10	9.830157950165819E8	1.1438453894739995E9	3.4	1.3	18.0	540.0	40.0	Generation 6.
86	92	1	1	2.2412071253731903E10	1.7184677772703247E10	1.7881856218584466E9	3.4392078591702075E9	1.074042360793953E10	1.6256232925985878E9	1.0421841997485478E9	3.7	1.9	14.5	480.0	30.0	Generation 6.
86	93	1	1	2.2041953556784836E10	1.5234653644617613E10	3.515888331098293E9	3.2914115810689306E9	9.521658527886007E9	3.196262119180266E9	9.97397448808767E8	4.6	1.8	19.5	480.0	35.0	Generation 6.
87	94	1	1	2.3088318788096195E10	1.5738387354437275E10	4.0134838746246448E9	3.336447559034276E9	9.836492096523296E9	3.648621704204222E9	1.0110447148588716E9	4.9	1.5	26.0	620.0	40.0	Generation 6.
88	95	1	1	2.473146343483568E10	1.9424607092047436E10	1.4492735528172417E9	3.857582789971002E9	1.2140379432529648E10	1.3175214116520379E9	1.1689644818093946E9	4.5	1.0	20.0	680.0	45.0	Generation 6.
89	96	1	1	2.2667087038442696E10	1.5729645079014854E10	3.552142535793893E9	3.385299423633948E9	9.831028174384283E9	3.2292204870853567E9	1.0258483101921055E9	5.3	1.4	22.5	580.0	40.0	Generation 6.
90	97	1	1	2.180440062718007E10	1.6752637813610834E10	1.4228345200997448E9	3.6289282934694886E9	1.0470398633506771E10	1.2934859273634043E9	1.0996752404452996E9	4.3	1.6	17.0	420.0	30.0	Generation 7.
91	98	1	1	2.2615259246559406E10	1.6239144143731209E10	2.990299030348697E9	3.3858160724794993E9	1.0149465089832005E10	2.718453663953361E9	1.0260048704483331E9	4.9	1.4	21.0	620.0	55.0	Generation 7.
92	99	1	1	2.2943066588170776E10	1.7776890456240257E10	1.732943461580743E9	3.4332326703497763E9	1.111055653515016E10	1.5754031468915844E9	1.0403735364696292E9	4.3	1.4	15.0	560.0	75.0	Generation 7.
93	100	1	1	2.3316217138462925E10	1.7719192759141003E10	1.9515637560632203E9	3.6454606232587E9	1.1074495474463127E10	1.774148869148382E9	1.1046850373511212E9	5.1	1.1	20.5	640.0	40.0	Generation 7.
94	101	1	1	2.2390669961464188E10	1.6917614393327427E10	1.9856238372403517E9	3.487431730896409E9	1.0573508995829641E10	1.8051125793094106E9	1.0567974942110331E9	4.0	2.0	13.5	440.0	25.0	Generation 7.
95	102	1	1	2.263217392762497E10	1.8009023600131287E10	1.1119343275456629E9	3.511215999948021E9	1.1255639750082054E10	1.0108493886778752E9	1.0640048484690974E9	3.7	1.7	14.5	420.0	45.0	Generation 7.
96	103	1	1	2.3911701766077652E10	1.89854847907062E10	1.4661019907649693E9	3.4601149846064854E9	1.1865927994191374E10	1.3328199916045175E9	1.0485196923049957E9	3.6	1.5	13.5	560.0	70.0	Generation 7.
97	104	1	1	2.3396146108032585E10	1.833061660806738E10	1.4579151722373393E9	3.6076143277278676E9	1.145663538004211E10	1.3253774293066719E9	1.0932164629478388E9	4.0	1.7	12.5	460.0	30.0	Generation 7.
98	105	1	1	2.168454273449458E10	1.5572178740422342E10	2.7862696191766324E9	3.3260943748956027E9	9.732611712763964E9	2.5329723810696654E9	1.0079073863320009E9	4.1	2.0	17.0	460.0	30.0	Generation 7.
99	106	1	1	2.180315577532188E10	1.6938680179488626E10	1.3326694076373105E9	3.531806188195941E9	1.0586675112180391E10	1.2115176433066459E9	1.0702442994533155E9	3.6	1.9	16.5	420.0	30.0	Generation 7.
100	107	1	1	2.3672905377576797E10	1.8909653386977962E10	1.0994753558455777E9	3.663776634753256E9	1.1818533366861227E10	9.995230507687069E8	1.110235343864623E9	3.4	1.5	17.0	480.0	40.0	Generation 7.
101	108	1	1	2.206352815369352E10	1.653447286279345E10	2.166910996031452E9	3.3621442948686194E9	1.0334045539245905E10	1.9699190873013198E9	1.0188316045056423E9	3.8	2.0	15.0	480.0	30.0	Generation 7.
102	109	1	1	2.1954696863731735E10	1.5264865100135782E10	3.4229304681324863E9	3.2669012954634657E9	9.540540687584864E9	3.111754971029533E9	9.899700895343837E8	4.4	1.9	18.5	480.0	35.0	Generation 7.
103	110	1	1	2.2810641047065712E10	1.54965757800514E10	4.009912775742576E9	3.304152491271738E9	9.685359862532124E9	3.645375250675069E9	1.0012583306884055E9	4.8	1.6	23.5	580.0	40.0	Generation 7.
104	111	1	1	2.3389107412304516E10	1.78259117888866E10	1.918712246885316E9	3.6444833765326004E9	1.1141194868054125E10	1.7442838608048325E9	1.1043889019795759E9	5.0	1.1	21.5	640.0	45.0	Generation 7.
105	112	1	1	2.2283041992737522E10	1.5715287465278873E10	3.176281431497764E9	3.3914730959608846E9	9.822054665799295E9	2.8875285740888762E9	1.0277191199881469E9	5.0	1.5	21.0	540.0	35.0	Generation 7.
106	113	1	1	2.1627071076322086E10	1.602048262169145E10	2.1295820768867743E9	3.477006377743861E9	1.0012801638557156E10	1.9359837062607038E9	1.0536382962860186E9	4.4	1.7	18.0	440.0	30.0	Generation 8.
107	114	1	1	2.2501988278350502E10	1.645243376200113E10	2.651127752882371E9	3.3984267634670043E9	1.0282771101250706E10	2.4101161389839735E9	1.0298262919596983E9	4.8	1.4	19.0	600.0	55.0	Generation 8.
108	115	1	1	2.263416169544354E10	1.7336553865325176E10	1.8808023422655973E9	3.416805487852765E9	1.0835346165828234E10	1.709820311150543E9	1.0353956023796258E9	4.5	1.4	15.5	560.0	70.0	Generation 8.
109	116	1	1	2.2818938620347748E10	1.690732065768177E10	2.3742138466555424E9	3.537404116010436E9	1.0567075411051105E10	2.1583762242323112E9	1.0719406412152838E9	5.2	1.2	21.0	620.0	40.0	Generation 8.
110	117	1	1	2.2213973832685062E10	1.6700354830922565E10	2.0362514262859294E9	3.477367575476567E9	1.0437721769326603E10	1.8511376602599356E9	1.0537477501444143E9	4.0	2.0	14.0	440.0	25.0	Generation 8.
111	118	1	1	2.2431646607152035E10	1.7856818988993874E10	9.617210540261804E8	3.6131065641319823E9	1.116051186812117E10	8.742918672965275E8	1.0948807770096917E9	3.6	1.7	16.0	400.0	40.0	Generation 8.
112	119	1	1	2.373632811472162E10	1.882729889253216E10	1.459254269534084E9	3.4497749526553717E9	1.17670618078326E10	1.3265947904855309E9	1.0453863492895066E9	3.7	1.5	13.5	540.0	70.0	Generation 8.
113	120	1	1	2.2758354439738605E10	1.7646061459108604E10	1.5909062609653733E9	3.5213867196646276E9	1.1028788411942877E10	1.4462784190594301E9	1.0670868847468569E9	3.9	1.8	13.5	460.0	30.0	Generation 8.
114	121	1	1	2.168448111631615E10	1.551326637037977E10	2.849198660727633E9	3.322016085208747E9	9.695791481487356E9	2.5901806006614842E9	1.0066715409723476E9	4.1	2.0	17.5	460.0	30.0	Generation 8.
115	122	1	1	2.1911593113025364E10	1.6832963775955467E10	1.6011805345559742E9	3.4774488025139236E9	1.0520602359972166E10	1.4556186677781582E9	1.0537723643981588E9	3.7	1.9	16.0	440.0	30.0	Generation 8.
116	123	1	1	2.328450796752794E10	1.857417599039381E10	1.0935666030851445E9	3.6167653740489864E9	1.1608859993996132E10	9.941514573501314E8	1.0959895072875717E9	3.4	1.6	16.5	460.0	40.0	Generation 8.
117	124	1	1	2.192294202783374E10	1.6209072264003727E10	2.3696982176087437E9	3.344171546221266E9	1.0130670165002329E10	2.1542711069170394E9	1.0133853170367472E9	3.9	2.0	15.5	480.0	30.0	Generation 8.
118	125	1	1	2.184264389994566E10	1.5436748885112503E10	3.1262048608653097E9	3.279690153967846E9	9.647968053195314E9	2.842004418968463E9	9.938455012023776E8	4.3	1.9	18.0	480.0	35.0	Generation 8.
119	126	1	1	2.2618015620192696E10	1.5297758679685081E10	4.048932824007449E9	3.2713241165001645E9	9.561099174803175E9	3.6808480218249536E9	9.913103383333832E8	4.7	1.7	22.0	560.0	40.0	Generation 8.
120	127	1	1	2.285122374911017E10	1.6868396035042328E10	2.459411004597144E9	3.523416709470694E9	1.0542747521901455E10	2.2358281859974036E9	1.0677020331729376E9	5.2	1.2	22.0	620.0	45.0	Generation 8.
121	128	1	1	2.2215331981709736E10	1.5481634014165577E10	3.384107890032104E9	3.3495900775120554E9	9.676021258853485E9	3.0764617182110033E9	1.0150272962157744E9	4.9	1.6	20.5	520.0	35.0	Generation 8.
122	129	1	1	2.1609440998155106E10	1.5955003953822792E10	2.18606199485332E9	3.468375049478991E9	9.971877471139244E9	1.9873290862302907E9	1.051022742266361E9	4.4	1.7	18.5	440.0	30.0	Generation 9.
123	130	1	1	2.2090616656415028E10	1.6486940959592499E10	2.2082005553903966E9	3.395475141432133E9	1.0304338099745312E10	2.0074550503549058E9	1.0289318610400404E9	4.6	1.5	17.5	520.0	50.0	Generation 9.
124	131	1	1	2.241323220028973E10	1.6749552834176105E10	2.264076424718258E9	3.3996029413953676E9	1.0468470521360065E10	2.0582512951984162E9	1.0301827095137478E9	4.7	1.4	17.0	580.0	65.0	Generation 9.
125	132	1	1	2.2235542234554916E10	1.6328530873614658E10	2.4348893268527217E9	3.4721220340875373E9	1.0205331796009161E10	2.2135357516842923E9	1.0521581921477386E9	4.9	1.4	20.0	540.0	35.0	Generation 9.
126	133	1	1	2.1685427647597404E10	1.6021111166700575E10	2.2578459078116956E9	3.4064705730851307E9	1.0013194479187859E10	2.052587188919723E9	1.0322638100257972E9	4.2	1.9	16.0	440.0	30.0	Generation 9.
127	134	1	1	2.1990534374044468E10	1.73338125544313E10	1.0743736306597047E9	3.5823481889534593E9	1.0833632846519564E10	9.767033005997314E8	1.085560057258624E9	3.6	1.8	16.5	400.0	35.0	Generation 9.
128	135	1	1	2.3089167014542007E10	1.8280827454270588E10	1.3622025757984004E9	3.4461369844730167E9	1.1425517158919117E10	1.2383659779985456E9	1.0442839346887931E9	3.7	1.6	14.5	480.0	55.0	Generation 9.
129	136	1	1	2.2257214834427017E10	1.6827387833009184E10	2.0200062582587345E9	3.4098207431591E9	1.051711739563074E10	1.8363693256897585E9	1.0332790130785152E9	3.9	1.9	14.5	480.0	30.0	Generation 9.
129	137	1	1	2.168448111631615E10	1.551326637037977E10	2.849198660727633E9	3.322016085208747E9	9.695791481487356E9	2.5901806006614842E9	1.0066715409723476E9	4.1	2.0	17.5	460.0	30.0	Generation 9.
130	138	1	1	2.153673670350826E10	1.6043324447396875E10	2.1037425262505255E9	3.3896697298608575E9	1.0027077779623047E10	1.9124932056822958E9	1.0271726454123812E9	3.8	2.0	17.0	440.0	30.0	Generation 9.
131	139	1	1	2.2264472900051052E10	1.7477416339002872E10	1.272509589779697E9	3.5145469712684827E9	1.0923385211876795E10	1.1568268997997243E9	1.065014233717722E9	3.5	1.8	16.5	440.0	35.0	Generation 9.
132	140	1	1	2.1803153552007378E10	1.5818582823896454E10	2.662803231500452E9	3.321767496610472E9	9.886614264935284E9	2.420730210454956E9	1.0065962110940825E9	4.0	2.0	16.5	480.0	30.0	Generation 9.
133	141	1	1	2.1638790600995712E10	1.576600207859304E10	2.5206091420643563E9	3.3521793803383145E9	9.85375129912065E9	2.291462856422142E9	1.015811933435853E9	4.3	1.8	18.0	460.0	35.0	Generation 9.
134	142	1	1	2.1893851307328903E10	1.5722778526405067E10	2.8518666624947E9	3.319206118429134E9	9.826736579003166E9	2.5926060568133636E9	1.0058200358876164E9	4.2	1.8	19.5	500.0	35.0	Generation 9.
135	143	1	1	2.250060415669893E10	1.5988550648394798E10	3.105557436473167E9	3.4064960718309627E9	9.992844155246748E9	2.8232340331574244E9	1.0322715369184736E9	5.1	1.4	21.5	580.0	40.0	Generation 9.
136	144	1	1	2.2003188024082092E10	1.5534245942910675E10	3.134270576490296E9	3.3346715046811223E9	9.708903714319172E9	2.8493368877184505E9	1.0105065165700371E9	4.6	1.7	19.5	500.0	35.0	Generation 9.
136	145	1	1	2.1609440998155106E10	1.5955003953822792E10	2.18606199485332E9	3.468375049478991E9	9.971877471139244E9	1.9873290862302907E9	1.051022742266361E9	4.4	1.7	18.5	440.0	30.0	Generation 10.
137	146	1	1	2.187104873319751E10	1.6268369422611464E10	2.194038715523803E9	3.4086405950622444E9	1.0167730889132164E10	1.9945806504761846E9	1.0329213924431044E9	4.5	1.6	17.5	480.0	40.0	Generation 10.
138	147	1	1	2.232239461107976E10	1.674277003630398E10	2.1685960127046213E9	3.411028562071158E9	1.0464231272689987E10	1.9714509206405647E9	1.0336450188094419E9	4.7	1.4	17.5	560.0	60.0	Generation 10.
139	148	1	1	2.1870306683560135E10	1.5974537347555058E10	2.446495508147252E9	3.4492738278578267E9	9.98408584222191E9	2.224086825588411E9	1.0452344932902505E9	4.6	1.6	19.0	480.0	30.0	Generation 10.
140	149	1	1	2.159499597042178E10	1.5884087913990644E10	2.277100379070705E9	3.433807677360432E9	9.927554946244152E9	2.0700912537006407E9	1.0405477810183128E9	4.3	1.8	17.5	440.0	30.0	Generation 10.
141	150	1	1	2.1680839655892673E10	1.6774676265769321E10	1.3864657222755768E9	3.5196976678477755E9	1.0484172666105825E10	1.260423383886888E9	1.0665750508629622E9	3.6	1.9	17.0	420.0	30.0	Generation 10.
142	151	1	1	2.2429983159843155E10	1.768415749052601E10	1.2779269605801437E9	3.4678987087370033E9	1.1052598431578754E10	1.161751782345585E9	1.0508783965869708E9	3.7	1.7	15.5	440.0	45.0	Generation 10.
143	152	1	1	2.198641361102634E10	1.6379110448881657E10	2.2208820961014724E9	3.386421066043214E9	1.0236944030551035E10	2.018983723728611E9	1.026188201831277E9	4.0	1.9	15.5	480.0	30.0	Generation 10.
144	153	1	1	2.1632447542590546E10	1.564765074146651E10	2.6512878333063345E9	3.3335089678176975E9	9.779781713416569E9	2.4102616666421223E9	1.0101542326720296E9	4.0	2.0	17.5	460.0	30.0	Generation 10.
145	154	1	1	2.151333799595845E10	1.5978505573249973E10	2.150327248316669E9	3.3845051743918076E9	9.986565983281233E9	1.9548429530151536E9	1.0256076286035781E9	3.8	2.0	17.5	440.0	30.0	Generation 10.
146	155	1	1	2.1907985586893024E10	1.6903425352362022E10	1.51879981447681E9	3.485760420054192E9	1.0564640845226263E10	1.380727104069827E9	1.0562910363800583E9	3.6	1.9	16.5	440.0	30.0	Generation 10.
147	156	1	1	2.182703272398633E10	1.554614560952613E10	2.9764463816839576E9	3.3044407327762403E9	9.71634100595383E9	2.705860346985416E9	1.0013456765988607E9	4.1	2.0	17.0	480.0	30.0	Generation 10.
148	157	1	1	2.1613971015831753E10	1.6148689710026184E10	2.0234683076040218E9	3.441812998201546E9	1.0092931068766365E10	1.8395166432763834E9	1.0429736358186505E9	4.3	1.7	18.0	440.0	35.0	Generation 10.
149	158	1	1	2.162894277601048E10	1.6040723540725218E10	2.1982552802514567E9	3.389963955033806E9	1.002545221295326E10	1.998413891137688E9	1.0272618045556988E9	3.9	1.9	18.0	460.0	30.0	Generation 10.
150	159	1	1	2.2290080722542046E10	1.5568698067723312E10	3.3757513599180574E9	3.3456312949006763E9	9.73043629232707E9	3.068864872652779E9	1.013827665121417E9	4.8	1.6	21.0	540.0	35.0	Generation 10.
151	160	1	1	2.181726965491066E10	1.5558228097944649E10	2.9412223368798018E9	3.31781922008621E9	9.723892561215405E9	2.673838488072547E9	1.0053997636624879E9	4.4	1.8	18.5	480.0	35.0	Generation 10.
145	154	2	1	2.151333799595845E10	1.5978505573249973E10	2.150327248316669E9	3.3845051743918076E9	9.986565983281233E9	1.9548429530151536E9	1.0256076286035781E9	3.8	2.0	17.5	440.0	30.0	Minimum point.
145	161	1	1	2.151333799595845E10	1.5978505573249973E10	2.150327248316669E9	3.3845051743918076E9	9.986565983281233E9	1.9548429530151536E9	1.0256076286035781E9	3.8	2.0	17.5	440.0	30.0	Minimum point of initialization.
151	162	1	1	2.151333799595845E10	1.5978505573249973E10	2.150327248316669E9	3.3845051743918076E9	9.986565983281233E9	1.9548429530151536E9	1.0256076286035781E9	3.8	2.0	17.5	440.0	30.0	Initial point.
152	163	1	1	2.1510033174206577E10	1.5820811969667597E10	2.3178953879887977E9	3.3713258165501814E9	9.888007481042248E9	2.1071776254443614E9	1.0216138838030853E9	3.9	2.0	17.5	440.0	30.0	Cost reduced     at windowLength+dwindowLength.
153	163	2	1	2.153000873555948E10	1.5536110975494736E10	2.671652715676225E9	3.3222450443885193E9	9.71006935968421E9	2.4287751960692954E9	1.0067409225419756E9	3.9	2.1	17.5	440.0	30.0	Cost not reduced at windowWidth+dwindowWidth.
154	163	3	1	2.1576160382457535E10	1.6145414049111341E10	2.0053987293020654E9	3.425347604044128E9	1.0090883780694588E10	1.8230897539109683E9	1.0379841224376146E9	3.9	1.9	17.5	440.0	30.0	Cost not reduced at windowWidth-dwindowWidth.
155	163	4	1	2.149138398780083E10	1.5740514256971031E10	2.3859989893691173E9	3.3648707414606824E9	9.837821410606894E9	2.169089990335561E9	1.0196578004426311E9	3.9	2.0	18.0	440.0	30.0	Cost reduced     at setpointT+dsetpointT.
156	163	5	1	2.1592754388401142E10	1.5717966899850716E10	2.5350524901425476E9	3.3397349984078803E9	9.823729312406696E9	2.304593172856861E9	1.0120409086084486E9	3.9	2.0	18.0	460.0	30.0	Cost not reduced at setpointS+dsetpointS.
157	163	6	1	2.131520897354431E10	1.5761828736636356E10	2.1516716965638676E9	3.4017085403440866E9	9.851142960397722E9	1.9560651786944249E9	1.0308207698012384E9	3.9	2.0	18.0	420.0	30.0	Cost reduced     at setpointS-dsetpointS.
158	163	7	1	2.1275516121006866E10	1.5744157840039433E10	2.189760350204228E9	3.341597930763205E9	9.840098650024645E9	1.9906912274583888E9	1.0126054335646076E9	3.9	2.0	18.0	420.0	35.0	Cost reduced     at slatAng+dslatAng.
158	163	8	1	2.1275516121006866E10	1.5744157840039433E10	2.189760350204228E9	3.341597930763205E9	9.840098650024645E9	1.9906912274583888E9	1.0126054335646076E9	3.9	2.0	18.0	420.0	35.0	Global search reduced cost.
159	164	1	1	2.1147295978605667E10	1.5534868474489063E10	2.314991319464059E9	3.297436184652544E9	9.709292796555664E9	2.1045375631491444E9	9.992230862583467E8	4.0	2.0	18.5	400.0	40.0	Exploration base, Delta = 1.0.
160	164	2	1	2.119155286485896E10	1.5401932116483494E10	2.505557471501013E9	3.2840632768744535E9	9.626207572802183E9	2.2777795195463753E9	9.951706899619557E8	4.1	2.0	18.5	400.0	40.0	Cost not reduced at windowLength+dwindowLength.
161	164	3	1	2.1127900567058018E10	1.5679770062345825E10	2.1366426614885273E9	3.3114878432236676E9	9.79985628896614E9	1.9424024195350246E9	1.0034811646132326E9	3.9	2.0	18.5	400.0	40.0	Cost reduced     at windowLength-dwindowLength.
162	164	4	1	2.1146434578292324E10	1.5398143267151676E10	2.48909336268494E9	3.259197948455708E9	9.623839541969797E9	2.2628121478953996E9	9.876357419562752E8	3.9	2.1	18.5	400.0	40.0	Cost not reduced at windowWidth+dwindowWidth.
163	164	5	1	2.119953677697116E10	1.6001137897739805E10	1.8268960188274472E9	3.3715028604039083E9	1.0000711186087378E10	1.6608145625704064E9	1.0216675334557298E9	3.9	1.9	18.5	400.0	40.0	Cost not reduced at windowWidth-dwindowWidth.
164	164	6	1	2.113975984470039E10	1.562574732669468E10	2.2057734481258025E9	3.308239069879911E9	9.766092079184174E9	2.005248589205275E9	1.0024966878423973E9	3.9	2.0	19.0	400.0	40.0	Cost not reduced at setpointT+dsetpointT.
165	164	7	1	2.1131461448742943E10	1.5745546515932304E10	2.071410219747408E9	3.3145047130632334E9	9.84096657245769E9	1.8831001997703707E9	1.0043953675949193E9	3.9	2.0	18.0	400.0	40.0	Cost not reduced at setpointT-dsetpointT.
166	164	8	1	2.1046949012570793E10	1.5694122298127302E10	2.0212804798142362E9	3.3315462346292524E9	9.808826436329563E9	1.8375277089220328E9	1.0095594650391674E9	3.9	2.0	18.5	380.0	40.0	Cost reduced     at setpointS-dsetpointS.
167	164	9	1	2.1025934415082287E10	1.5677314416361235E10	2.0664333566726816E9	3.2821866420483694E9	9.79832151022577E9	1.8785757787933466E9	9.946020127419302E8	3.9	2.0	18.5	380.0	45.0	Cost reduced     at slatAng+dslatAng.
167	164	10	1	2.1025934415082287E10	1.5677314416361235E10	2.0664333566726816E9	3.2821866420483694E9	9.79832151022577E9	1.8785757787933466E9	9.946020127419302E8	3.9	2.0	18.5	380.0	45.0	Global search reduced cost.
168	165	1	1	2.0936502860841755E10	1.5618023399645111E10	2.0793308344608622E9	3.239148626735781E9	9.761264624778194E9	1.8903007586007836E9	9.815601899199337E8	3.9	2.0	19.0	340.0	55.0	Exploration base, Delta = 1.0.
169	165	2	1	2.0935809217837227E10	1.5773108558696089E10	1.910503993411892E9	3.2521966657292485E9	9.858192849185055E9	1.7368218121926289E9	9.855141411300753E8	3.8	2.0	19.0	340.0	55.0	Cost reduced     at windowLength-dwindowLength.
170	165	3	1	2.092148312140477E10	1.5478020392364414E10	2.2350894137693796E9	3.2083733152709765E9	9.673762745227758E9	2.0318994670630722E9	9.72234337960902E8	3.8	2.1	19.0	340.0	55.0	Cost reduced     at windowWidth+dwindowWidth.
171	165	4	1	2.096158944152081E10	1.5429537932120407E10	2.3241102102127247E9	3.207941299187678E9	9.643461207575254E9	2.1128274638297496E9	9.72103423996266E8	3.8	2.1	19.5	340.0	55.0	Cost not reduced at setpointT+dsetpointT.
172	165	5	1	2.0897093182035408E10	1.5529669676706781E10	2.158470708547304E9	3.208952796781322E9	9.706043547941738E9	1.962246098679367E9	9.724099384185824E8	3.8	2.1	18.5	340.0	55.0	Cost reduced     at setpointT-dsetpointT.
173	165	6	1	2.0859103626453518E10	1.5541375914318336E10	2.1002152131226423E9	3.217512499012538E9	9.71335994644896E9	1.9092865573842201E9	9.750037875795571E8	3.8	2.1	18.5	320.0	55.0	Cost reduced     at setpointS-dsetpointS.
174	165	7	1	2.088254728422214E10	1.552500853283526E10	2.154976465536595E9	3.2025622858502855E9	9.703130333022038E9	1.959069514124177E9	9.70473419954632E8	3.8	2.1	18.5	320.0	60.0	Cost not reduced at slatAng+dslatAng.
175	165	8	1	2.085020190521665E10	1.5558921496587013E10	2.045819665717503E9	3.245460742912133E9	9.724325935366882E9	1.8598360597431846E9	9.834729523976161E8	3.8	2.1	18.5	320.0	50.0	Cost reduced     at slatAng-dslatAng.
175	165	9	1	2.085020190521665E10	1.5558921496587013E10	2.045819665717503E9	3.245460742912133E9	9.724325935366882E9	1.8598360597431846E9	9.834729523976161E8	3.8	2.1	18.5	320.0	50.0	Global search reduced cost.
176	166	1	1	2.0776500740653408E10	1.5446277558781223E10	2.1097243353640912E9	3.2204988465080953E9	9.653923474238264E9	1.9179312139673555E9	9.759087413660895E8	3.7	2.2	18.5	260.0	55.0	Exploration base, Delta = 1.0.
177	166	2	1	2.0749945176222115E10	1.5597955146026731E10	1.9188772833173883E9	3.233112746877996E9	9.748721966266706E9	1.7444338939248984E9	9.797311354175746E8	3.6	2.2	18.5	260.0	55.0	Cost reduced     at windowLength-dwindowLength.
178	166	3	1	2.0808595008739777E10	1.5886684266658653E10	1.642713289962841E9	3.279197452118284E9	9.929177666661657E9	1.4933757181480372E9	9.936961976116014E8	3.6	2.1	18.5	260.0	55.0	Cost not reduced at windowWidth-dwindowWidth.
179	166	4	1	2.0754788297308113E10	1.5669039112306305E10	1.851257349954119E9	3.234491835047689E9	9.79314944519144E9	1.682961227231017E9	9.801490409235421E8	3.6	2.2	18.0	260.0	55.0	Cost not reduced at setpointT-dsetpointT.
180	166	5	1	2.0762238428823128E10	1.5539017687586527E10	1.9922675354298754E9	3.230953205806725E9	9.71188605474158E9	1.8111523049362502E9	9.79076729032341E8	3.6	2.2	19.0	260.0	55.0	Cost not reduced at setpointT+dsetpointT.
181	166	6	1	2.0740603426974556E10	1.5606638907264713E10	1.888535079289702E9	3.2454294404201384E9	9.754149317040445E9	1.716850072081547E9	9.834634667939814E8	3.6	2.2	18.5	240.0	55.0	Cost reduced     at setpointS-dsetpointS.
182	166	7	1	2.0739522744102226E10	1.5626888215110025E10	1.8330081847907066E9	3.279626344201493E9	9.766805134443766E9	1.6663710770824604E9	9.938261649095433E8	3.6	2.2	18.5	240.0	50.0	Cost reduced     at slatAng-dslatAng.
182	166	8	1	2.0739522744102226E10	1.5626888215110025E10	1.8330081847907066E9	3.279626344201493E9	9.766805134443766E9	1.6663710770824604E9	9.938261649095433E8	3.6	2.2	18.5	240.0	50.0	Global search reduced cost.
183	167	1	1	2.0820502683827793E10	1.5998409234370636E10	1.4267520928549123E9	3.395341356602245E9	9.999005771481647E9	1.2970473571408293E9	1.0288913201824985E9	3.4	2.2	18.5	160.0	50.0	Cost reduced     at windowWidth-dwindowWidth.
184	167	2	1	2.0862272898326687E10	1.6084404741146727E10	1.3748836831707823E9	3.402984474009179E9	1.0052752963216703E10	1.2498942574279838E9	1.031207416366418E9	3.4	2.2	18.0	160.0	50.0	Cost not reduced at setpointT-dsetpointT.
185	167	3	1	2.0801117132298016E10	1.5928622508728981E10	1.4843747803096068E9	3.3881198432594256E9	9.955389067955612E9	1.3494316184632788E9	1.0267029828058866E9	3.4	2.2	19.0	160.0	50.0	Cost reduced     at setpointT+dsetpointT.
186	167	4	1	2.080377952946828E10	1.5931288992266579E10	1.4673392645565875E9	3.4051512726451144E9	9.95705562016661E9	1.3339447859605339E9	1.0318640220136712E9	3.4	2.2	19.0	140.0	50.0	Cost not reduced at setpointS-dsetpointS.
187	167	5	1	2.0792756220506832E10	1.5924662595962067E10	1.5030218657336035E9	3.365071758811162E9	9.952914122476292E9	1.3663835143032758E9	1.0197187147912612E9	3.4	2.2	19.0	180.0	50.0	Cost reduced     at setpointS+dsetpointS.
188	167	6	1	2.0820103641468735E10	1.5944274228063751E10	1.4534864981081924E9	3.42234291529679E9	9.965171392539845E9	1.3213513619165385E9	1.0370736106959971E9	3.4	2.2	19.0	180.0	45.0	Cost not reduced at slatAng-dslatAng.
189	167	7	1	2.0780988357893215E10	1.5906133004648222E10	1.5536034231057892E9	3.321251930139201E9	9.941333127905138E9	1.41236674827799E9	1.0064399788300611E9	3.4	2.2	19.0	180.0	55.0	Cost reduced     at slatAng+dslatAng.
190	167	8	1	2.075408193961137E10	1.5794212598976242E10	1.6623949358015304E9	3.297474404833598E9	9.871382874360151E9	1.5112681234559367E9	9.992346681313934E8	3.5	2.2	18.5	240.0	50.0	Cost not reduced at windowLength-dwindowLength.
191	167	9	1	2.0755714238383034E10	1.5474801559931168E10	2.0177157008203592E9	3.263196977631507E9	9.67175097495698E9	1.834287000745781E9	9.888475689792446E8	3.7	2.2	18.5	240.0	50.0	Cost not reduced at windowLength+dwindowLength.
192	167	10	1	2.0818148147616707E10	1.5915937826828201E10	1.566097393988558E9	3.3361129267999444E9	9.947461141767626E9	1.4237249036259618E9	1.0109433111514983E9	3.6	2.1	18.5	240.0	50.0	Cost not reduced at windowWidth-dwindowWidth.
193	167	11	1	2.0742411527400734E10	1.5562772194921553E10	1.9039130367561893E9	3.275726295722992E9	9.72673262182597E9	1.7308300334147174E9	9.926443320372703E8	3.6	2.2	19.0	240.0	50.0	Cost not reduced at setpointT+dsetpointT.
194	167	12	1	2.075514608961024E10	1.5704672087246717E10	1.767465988133767E9	3.283008014229756E9	9.815420054529198E9	1.6067872619397879E9	9.948509134029564E8	3.6	2.2	18.0	240.0	50.0	Cost not reduced at setpointT-dsetpointT.
195	167	13	1	2.074621201783322E10	1.5617482264055847E10	1.863583263329344E9	3.2651464904480286E9	9.760926415034904E9	1.6941666030266762E9	9.894383304387965E8	3.6	2.2	18.5	260.0	50.0	Cost not reduced at setpointS+dsetpointS.
196	167	14	1	2.0741875101107994E10	1.5635587552743103E10	1.8102005591648145E9	3.296086989200075E9	9.77224222046444E9	1.645636871968013E9	9.98814239151538E8	3.6	2.2	18.5	220.0	50.0	Cost not reduced at setpointS-dsetpointS.
196	167	15	1	2.0740603426974556E10	1.5606638907264713E10	1.888535079289702E9	3.2454294404201384E9	9.754149317040445E9	1.716850072081547E9	9.834634667939814E8	3.6	2.2	18.5	240.0	55.0	Cost not reduced at slatAng+dslatAng.
197	167	16	1	2.0757940466915237E10	1.5648321066589033E10	1.7792737007708566E9	3.330345699555348E9	9.780200666618145E9	1.617521546155324E9	1.0091956665319237E9	3.6	2.2	18.5	240.0	45.0	Cost not reduced at slatAng-dslatAng.
182	167	17	1	2.0739522744102226E10	1.5626888215110025E10	1.8330081847907066E9	3.279626344201493E9	9.766805134443766E9	1.6663710770824604E9	9.938261649095433E8	3.6	2.2	18.5	240.0	50.0	Iteration step did not reduce cost. Reduce step size to '0.5'.
197	168	1	1	2.0739522744102226E10	1.5626888215110025E10	1.8330081847907066E9	3.279626344201493E9	9.766805134443766E9	1.6663710770824604E9	9.938261649095433E8	3.6	2.2	18.5	240.0	50.0	Exploration base, Delta = 0.5.
198	168	2	1	2.0743721249503178E10	1.5709131005228855E10	1.7461426524204907E9	3.288447591853833E9	9.818206878268034E9	1.5874024112913551E9	9.964992702587374E8	3.55	2.2	18.5	240.0	50.0	Cost not reduced at windowLength-dwindowLength.
199	168	3	1	2.074398853470441E10	1.5549134283331406E10	1.9235472224341118E9	3.271307028938891E9	9.718208927082129E9	1.7486792931219196E9	9.913051602845125E8	3.65	2.2	18.5	240.0	50.0	Cost not reduced at windowLength+dwindowLength.
200	168	4	1	2.0768863581359905E10	1.5767285999944181E10	1.6949531166286447E9	3.3066244647870784E9	9.854553749965113E9	1.540866469662404E9	1.002007413571842E9	3.6	2.15	18.5	240.0	50.0	Cost not reduced at windowWidth-dwindowWidth.
201	168	5	1	2.073183399073775E10	1.5592255126463837E10	1.861288894690397E9	3.2782899695835185E9	9.745159454039898E9	1.6920808133549063E9	9.934212029040966E8	3.6	2.2	18.75	240.0	50.0	Cost reduced     at setpointT+dsetpointT.
202	168	6	1	2.0735273095537148E10	1.5587623715788095E10	1.8774882103450325E9	3.2701611694040165E9	9.74226482236756E9	1.7068074639500294E9	9.909579301224293E8	3.6	2.2	18.75	250.0	50.0	Cost not reduced at setpointS+dsetpointS.
203	168	7	1	2.0734258841587067E10	1.5597148091886976E10	1.8499245843374383E9	3.28718616536265E9	9.74821755742936E9	1.6817496221249437E9	9.961170198068637E8	3.6	2.2	18.75	230.0	50.0	Cost not reduced at setpointS-dsetpointS.
204	168	8	1	2.07299258731299E10	1.5583188490670815E10	1.888212092453247E9	3.2585252900058413E9	9.739492806669258E9	1.7165564476847699E9	9.874319060623761E8	3.6	2.2	18.75	240.0	52.5	Cost reduced     at slatAng+dslatAng.
204	168	9	1	2.07299258731299E10	1.5583188490670815E10	1.888212092453247E9	3.2585252900058413E9	9.739492806669258E9	1.7165564476847699E9	9.874319060623761E8	3.6	2.2	18.75	240.0	52.5	Global search reduced cost.
205	169	1	1	2.075036812500848E10	1.5546045341548033E10	1.961428503408626E9	3.2428942800518227E9	9.71627833846752E9	1.783116821280569E9	9.826952363793403E8	3.6	2.2	19.0	240.0	55.0	Exploration base, Delta = 0.5.
206	169	2	1	2.0746711371038376E10	1.5627572277333332E10	1.8692271230858517E9	3.2499119706191955E9	9.767232673333332E9	1.6992973846235013E9	9.848218092785441E8	3.55	2.2	19.0	240.0	55.0	Cost reduced     at windowLength-dwindowLength.
207	169	3	1	2.077231958874142E10	1.5769934431873627E10	1.7297950600463545E9	3.2725900968214374E9	9.856209019921017E9	1.572540963678504E9	9.916939687337689E8	3.55	2.15	19.0	240.0	55.0	Cost not reduced at windowWidth-dwindowWidth.
208	169	4	1	2.075094081171508E10	1.560098516907194E10	1.900975390139252E9	3.248980252503889E9	9.750615730669962E9	1.728159445581138E9	9.84539470455724E8	3.55	2.2	19.25	240.0	55.0	Cost not reduced at setpointT+dsetpointT.
209	169	5	1	2.0735622471969975E10	1.5655834332121819E10	1.8280219131863656E9	3.2517662266617875E9	9.784896457576136E9	1.6618381028966959E9	9.853837050490266E8	3.55	2.2	18.75	240.0	55.0	Cost reduced     at setpointT-dsetpointT.
210	169	6	1	2.0739597092891075E10	1.565148365050355E10	1.84346974426333E9	3.244643698124194E9	9.782177281564718E9	1.675881585693936E9	9.832253630679376E8	3.55	2.2	18.75	250.0	55.0	Cost not reduced at setpointS+dsetpointS.
211	169	7	1	2.07370229473918E10	1.5660390681551567E10	1.816882766315566E9	3.259749499524664E9	9.787744175969728E9	1.6517116057414236E9	9.878028786438376E8	3.55	2.2	18.75	230.0	55.0	Cost not reduced at setpointS-dsetpointS.
212	169	8	1	2.0740992126116875E10	1.5647281524038502E10	1.8548112259860115E9	3.238899376092361E9	9.779550952524063E9	1.6861920236236467E9	9.814846594219277E8	3.55	2.2	18.75	240.0	57.5	Cost not reduced at slatAng+dslatAng.
213	169	9	1	2.073040671260047E10	1.5665214422391224E10	1.7988176499729922E9	3.2663746402362566E9	9.790759013994514E9	1.63528877270272E9	9.898104970412899E8	3.55	2.2	18.75	240.0	52.5	Cost reduced     at slatAng-dslatAng.
213	169	10	1	2.073040671260047E10	1.5665214422391224E10	1.7988176499729922E9	3.2663746402362566E9	9.790759013994514E9	1.63528877270272E9	9.898104970412899E8	3.55	2.2	18.75	240.0	52.5	Cost not reduced at windowLength-dwindowLength.
214	169	11	1	2.073866713622056E10	1.5505921098681553E10	1.981562524303192E9	3.251183513235814E9	9.69120068667597E9	1.8014204766392653E9	9.852071252229741E8	3.65	2.2	18.75	240.0	52.5	Cost not reduced at windowLength+dwindowLength.
215	169	12	1	2.0751931288342857E10	1.5723261161761421E10	1.745747877661765E9	3.2829222489196687E9	9.827038226100887E9	1.587043525147059E9	9.948249239150512E8	3.6	2.15	18.75	240.0	52.5	Cost not reduced at windowWidth-dwindowWidth.
216	169	13	1	2.073558256994208E10	1.5616909000915836E10	1.8591365773366377E9	3.2595369916896057E9	9.760568125572397E9	1.690124161215125E9	9.877384823301836E8	3.6	2.2	18.5	240.0	52.5	Cost not reduced at setpointT-dsetpointT.
217	169	14	1	2.07420547240556E10	1.555456639389154E10	1.9310717294410372E9	3.2564166007230225E9	9.721603996182213E9	1.7555197540373063E9	9.867929093100069E8	3.6	2.2	19.0	240.0	52.5	Cost not reduced at setpointT+dsetpointT.
218	169	15	1	2.0734022064422195E10	1.5578728034610123E10	1.904260705548156E9	3.2510333242639174E9	9.736705021631327E9	1.731146095952869E9	9.851616134133084E8	3.6	2.2	18.75	250.0	52.5	Cost not reduced at setpointS+dsetpointS.
219	169	16	1	2.0731538996191307E10	1.5587925022455402E10	1.8767722552436807E9	3.2668417184922266E9	9.742453139034626E9	1.7061565956760733E9	9.899520359067354E8	3.6	2.2	18.75	230.0	52.5	Cost not reduced at setpointS-dsetpointS.
219	169	17	1	2.073183399073775E10	1.5592255126463837E10	1.861288894690397E9	3.2782899695835185E9	9.745159454039898E9	1.6920808133549063E9	9.934212029040966E8	3.6	2.2	18.75	240.0	50.0	Cost not reduced at slatAng-dslatAng.
220	169	18	1	2.0736894697560936E10	1.5573867172419245E10	1.9183841741017733E9	3.2446433510399165E9	9.733666982762028E9	1.7439856128197937E9	9.832252578908838E8	3.6	2.2	18.75	240.0	55.0	Cost not reduced at slatAng+dslatAng.
204	169	19	1	2.07299258731299E10	1.5583188490670815E10	1.888212092453247E9	3.2585252900058413E9	9.739492806669258E9	1.7165564476847699E9	9.874319060623761E8	3.6	2.2	18.75	240.0	52.5	Iteration step did not reduce cost. Reduce step size to '0.25'.
220	170	1	1	2.07299258731299E10	1.5583188490670815E10	1.888212092453247E9	3.2585252900058413E9	9.739492806669258E9	1.7165564476847699E9	9.874319060623761E8	3.6	2.2	18.75	240.0	52.5	Exploration base, Delta = 0.25.
221	170	2	1	2.0729299869863552E10	1.562390987350193E10	1.8430494800181313E9	3.2623405163434896E9	9.764943670938705E9	1.67549952728921E9	9.88588035255603E8	3.575	2.2	18.75	240.0	52.5	Cost reduced     at windowLength-dwindowLength.
222	170	3	1	2.074059321490862E10	1.5693593773658813E10	1.7727052559857097E9	3.2742941852640967E9	9.808496108536758E9	1.6115502327142813E9	9.922103591709385E8	3.575	2.175	18.75	240.0	52.5	Cost not reduced at windowWidth-dwindowWidth.
223	170	4	1	2.0733217665581535E10	1.5638487107460938E10	1.8319182175274737E9	3.262812340593123E9	9.774054442163086E9	1.6653801977522488E9	9.887310123009464E8	3.575	2.2	18.625	240.0	52.5	Cost not reduced at setpointT-dsetpointT.
224	170	5	1	2.0735798416018238E10	1.5611339509312702E10	1.8625166613751318E9	3.2619422453304024E9	9.757087193320438E9	1.6931969648864834E9	9.88467347069819E8	3.575	2.2	18.875	240.0	52.5	Cost not reduced at setpointT+dsetpointT.
225	170	6	1	2.0730353479370777E10	1.5622548602047043E10	1.8480914159132888E9	3.2597134614104476E9	9.764092876279402E9	1.680083105375717E9	9.87791958003166E8	3.575	2.2	18.75	245.0	52.5	Cost not reduced at setpointS+dsetpointS.
226	170	7	1	2.072983501361728E10	1.562611484609674E10	1.8367837421339638E9	3.2669364253865757E9	9.766321778810463E9	1.669803401939967E9	9.89980734965629E8	3.575	2.2	18.75	235.0	52.5	Cost not reduced at setpointS-dsetpointS.
227	170	8	1	2.0729863789633045E10	1.5628326944816605E10	1.829823715517547E9	3.271713129298893E9	9.767704340510378E9	1.6634761050159516E9	9.914282209996645E8	3.575	2.2	18.75	240.0	51.25	Cost not reduced at slatAng-dslatAng.
228	170	9	1	2.0731876048048084E10	1.5619225110910725E10	1.8577103075415688E9	3.254940629595791E9	9.762015694319202E9	1.6888275523105168E9	9.863456453320578E8	3.575	2.2	18.75	240.0	53.75	Cost not reduced at slatAng+dslatAng.
221	170	10	1	2.0729299869863552E10	1.562390987350193E10	1.8430494800181313E9	3.2623405163434896E9	9.764943670938705E9	1.67549952728921E9	9.88588035255603E8	3.575	2.2	18.75	240.0	52.5	Global search reduced cost.
228	171	1	1	2.073040671260047E10	1.5665214422391224E10	1.7988176499729922E9	3.2663746402362566E9	9.790759013994514E9	1.63528877270272E9	9.898104970412899E8	3.55	2.2	18.75	240.0	52.5	Exploration base, Delta = 0.25.
229	171	2	1	2.0732008079619064E10	1.5706975497574827E10	1.7546532308327727E9	3.2703793512114625E9	9.816859685984266E9	1.595139300757066E9	9.910240458216554E8	3.525	2.2	18.75	240.0	52.5	Cost not reduced at windowLength-dwindowLength.
229	171	3	1	2.0729299869863552E10	1.562390987350193E10	1.8430494800181313E9	3.2623405163434896E9	9.764943670938705E9	1.67549952728921E9	9.88588035255603E8	3.575	2.2	18.75	240.0	52.5	Cost reduced     at windowLength+dwindowLength.
229	171	4	1	2.074059321490862E10	1.5693593773658813E10	1.7727052559857097E9	3.2742941852640967E9	9.808496108536758E9	1.6115502327142813E9	9.922103591709385E8	3.575	2.175	18.75	240.0	52.5	Cost not reduced at windowWidth-dwindowWidth.
229	171	5	1	2.0733217665581535E10	1.5638487107460938E10	1.8319182175274737E9	3.262812340593123E9	9.774054442163086E9	1.6653801977522488E9	9.887310123009464E8	3.575	2.2	18.625	240.0	52.5	Cost not reduced at setpointT-dsetpointT.
229	171	6	1	2.0735798416018238E10	1.5611339509312702E10	1.8625166613751318E9	3.2619422453304024E9	9.757087193320438E9	1.6931969648864834E9	9.88467347069819E8	3.575	2.2	18.875	240.0	52.5	Cost not reduced at setpointT+dsetpointT.
229	171	7	1	2.0730353479370777E10	1.5622548602047043E10	1.8480914159132888E9	3.2597134614104476E9	9.764092876279402E9	1.680083105375717E9	9.87791958003166E8	3.575	2.2	18.75	245.0	52.5	Cost not reduced at setpointS+dsetpointS.
229	171	8	1	2.072983501361728E10	1.562611484609674E10	1.8367837421339638E9	3.2669364253865757E9	9.766321778810463E9	1.669803401939967E9	9.89980734965629E8	3.575	2.2	18.75	235.0	52.5	Cost not reduced at setpointS-dsetpointS.
229	171	9	1	2.0729863789633045E10	1.5628326944816605E10	1.829823715517547E9	3.271713129298893E9	9.767704340510378E9	1.6634761050159516E9	9.914282209996645E8	3.575	2.2	18.75	240.0	51.25	Cost not reduced at slatAng-dslatAng.
229	171	10	1	2.0731876048048084E10	1.5619225110910725E10	1.8577103075415688E9	3.254940629595791E9	9.762015694319202E9	1.6888275523105168E9	9.863456453320578E8	3.575	2.2	18.75	240.0	53.75	Cost not reduced at slatAng+dslatAng.
229	171	11	1	2.07299258731299E10	1.5583188490670815E10	1.888212092453247E9	3.2585252900058413E9	9.739492806669258E9	1.7165564476847699E9	9.874319060623761E8	3.6	2.2	18.75	240.0	52.5	Cost not reduced at windowLength+dwindowLength.
229	171	12	1	2.073040671260047E10	1.5665214422391224E10	1.7988176499729922E9	3.2663746402362566E9	9.790759013994514E9	1.63528877270272E9	9.898104970412899E8	3.55	2.2	18.75	240.0	52.5	Cost not reduced at windowLength-dwindowLength.
229	171	13	1	2.074059321490862E10	1.5693593773658813E10	1.7727052559857097E9	3.2742941852640967E9	9.808496108536758E9	1.6115502327142813E9	9.922103591709385E8	3.575	2.175	18.75	240.0	52.5	Cost not reduced at windowWidth-dwindowWidth.
229	171	14	1	2.0733217665581535E10	1.5638487107460938E10	1.8319182175274737E9	3.262812340593123E9	9.774054442163086E9	1.6653801977522488E9	9.887310123009464E8	3.575	2.2	18.625	240.0	52.5	Cost not reduced at setpointT-dsetpointT.
229	171	15	1	2.0735798416018238E10	1.5611339509312702E10	1.8625166613751318E9	3.2619422453304024E9	9.757087193320438E9	1.6931969648864834E9	9.88467347069819E8	3.575	2.2	18.875	240.0	52.5	Cost not reduced at setpointT+dsetpointT.
229	171	16	1	2.0730353479370777E10	1.5622548602047043E10	1.8480914159132888E9	3.2597134614104476E9	9.764092876279402E9	1.680083105375717E9	9.87791958003166E8	3.575	2.2	18.75	245.0	52.5	Cost not reduced at setpointS+dsetpointS.
229	171	17	1	2.072983501361728E10	1.562611484609674E10	1.8367837421339638E9	3.2669364253865757E9	9.766321778810463E9	1.669803401939967E9	9.89980734965629E8	3.575	2.2	18.75	235.0	52.5	Cost not reduced at setpointS-dsetpointS.
229	171	18	1	2.0729863789633045E10	1.5628326944816605E10	1.829823715517547E9	3.271713129298893E9	9.767704340510378E9	1.6634761050159516E9	9.914282209996645E8	3.575	2.2	18.75	240.0	51.25	Cost not reduced at slatAng-dslatAng.
229	171	19	1	2.0731876048048084E10	1.5619225110910725E10	1.8577103075415688E9	3.254940629595791E9	9.762015694319202E9	1.6888275523105168E9	9.863456453320578E8	3.575	2.2	18.75	240.0	53.75	Cost not reduced at slatAng+dslatAng.
221	171	20	1	2.0729299869863552E10	1.562390987350193E10	1.8430494800181313E9	3.2623405163434896E9	9.764943670938705E9	1.67549952728921E9	9.88588035255603E8	3.575	2.2	18.75	240.0	52.5	Iteration step did not reduce cost. Reduce step size to '0.125'.
229	172	1	1	2.0729299869863552E10	1.562390987350193E10	1.8430494800181313E9	3.2623405163434896E9	9.764943670938705E9	1.67549952728921E9	9.88588035255603E8	3.575	2.2	18.75	240.0	52.5	Exploration base, Delta = 0.125.
230	172	2	1	2.0729711061883503E10	1.5603746620592707E10	1.8655418077588081E9	3.2604226335319858E9	9.752341637870441E9	1.6959470979625528E9	9.880068586460563E8	3.5875	2.2	18.75	240.0	52.5	Cost not reduced at windowLength+dwindowLength.
231	172	3	1	2.07295737966516E10	1.5644549792735481E10	1.8207419643205187E9	3.2642820395956016E9	9.777843620459675E9	1.655219967564108E9	9.891763756350309E8	3.5625	2.2	18.75	240.0	52.5	Cost not reduced at windowLength-dwindowLength.
232	172	4	1	2.0734417146914185E10	1.5658723368734491E10	1.807623153002029E9	3.268070625177665E9	9.786702105459057E9	1.64329377545639E9	9.903244318720198E8	3.575	2.1875	18.75	240.0	52.5	Cost not reduced at windowWidth-dwindowWidth.
233	172	5	1	2.0733826774954422E10	1.5632761971297478E10	1.838485133131306E9	3.262579670525637E9	9.770476232060923E9	1.6713501210284598E9	9.886605062198901E8	3.575	2.2	18.6875	240.0	52.5	Cost not reduced at setpointT-dsetpointT.
234	172	6	1	2.0730102663828995E10	1.5617666483408134E10	1.8503799156212847E9	3.262056264799576E9	9.761041552130083E9	1.6821635596557133E9	9.885018984241139E8	3.575	2.2	18.8125	240.0	52.5	Cost not reduced at setpointT+dsetpointT.
235	172	7	1	2.073019585011835E10	1.5623488530840149E10	1.8457803781619575E9	3.2609269411162443E9	9.764680331775093E9	1.6779821619654157E9	9.881596791261346E8	3.575	2.2	18.75	242.5	52.5	Cost not reduced at setpointS+dsetpointS.
236	172	8	1	2.0728108876168575E10	1.5624731811397293E10	1.837923429231398E9	3.265453635539883E9	9.765457382123308E9	1.6708394811194527E9	9.895314047090555E8	3.575	2.2	18.75	237.5	52.5	Cost reduced     at setpointS-dsetpointS.
237	172	9	1	2.072806671907381E10	1.5627005306376005E10	1.831102491885515E9	3.2699589208122916E9	9.766878316485003E9	1.6646386289868317E9	9.908966426703914E8	3.575	2.2	18.75	237.5	51.875	Cost reduced     at slatAng-dslatAng.
237	172	10	1	2.072806671907381E10	1.5627005306376005E10	1.831102491885515E9	3.2699589208122916E9	9.766878316485003E9	1.6646386289868317E9	9.908966426703914E8	3.575	2.2	18.75	237.5	51.875	Global search reduced cost.
238	173	1	1	2.0730592903768337E10	1.5630568477355583E10	1.8235394830936112E9	3.27648494331914E9	9.769105298347239E9	1.6577631664487374E9	9.928742252482243E8	3.575	2.2	18.75	235.0	51.25	Exploration base, Delta = 0.125.
239	173	2	1	2.0730807534136597E10	1.5610456543503548E10	1.8459196950037723E9	3.274431295629277E9	9.756535339689716E9	1.678108813639793E9	9.922519077664477E8	3.5875	2.2	18.75	235.0	51.25	Cost not reduced at windowLength+dwindowLength.
240	173	3	1	2.073117749804244E10	1.5651241022395542E10	1.8013749996927292E9	3.2785614759541655E9	9.782025638997213E9	1.637613636084299E9	9.935034775618683E8	3.5625	2.2	18.75	235.0	51.25	Cost not reduced at windowLength-dwindowLength.
241	173	4	1	2.073642162432659E10	1.5665434038399971E10	1.7883770143432312E9	3.28261057158339E9	9.79089627399998E9	1.6257972857665737E9	9.94730476237391E8	3.575	2.1875	18.75	235.0	51.25	Cost not reduced at windowWidth-dwindowWidth.
242	173	5	1	2.073597933804901E10	1.5639993479406956E10	1.8192145012648003E9	3.2767713573772545E9	9.774995924629347E9	1.653831364786182E9	9.929610173870469E8	3.575	2.2	18.6875	235.0	51.25	Cost not reduced at setpointT-dsetpointT.
243	173	6	1	2.0731339370441322E10	1.5624268542520826E10	1.8309005690529652E9	3.276170258867532E9	9.765167839075516E9	1.6644550627754228E9	9.927788663234946E8	3.575	2.2	18.8125	235.0	51.25	Cost not reduced at setpointT+dsetpointT.
244	173	7	1	2.0730875867764023E10	1.5631963355895405E10	1.8204097211237297E9	3.278502790744887E9	9.769977097434628E9	1.6549179282942996E9	9.934856941651173E8	3.575	2.2	18.75	232.5	51.25	Cost not reduced at setpointS-dsetpointS.
245	173	8	1	2.0728773754651886E10	1.562916248913057E10	1.8246615696040797E9	3.2749496959172354E9	9.768226555706606E9	1.6587832450946178E9	9.924089987627987E8	3.575	2.2	18.75	237.5	51.25	Cost reduced     at setpointS+dsetpointS.
246	173	9	1	2.072980261538348E10	1.5631361749725492E10	1.8182844913123107E9	3.280156374345676E9	9.769601093578432E9	1.6529859011930096E9	9.939867801047503E8	3.575	2.2	18.75	237.5	50.625	Cost not reduced at slatAng-dslatAng.
246	173	10	1	2.072806671907381E10	1.5627005306376005E10	1.831102491885515E9	3.2699589208122916E9	9.766878316485003E9	1.6646386289868317E9	9.908966426703914E8	3.575	2.2	18.75	237.5	51.875	Cost reduced     at slatAng+dslatAng.
247	173	11	1	2.072837936349293E10	1.5606828282210325E10	1.853575435023045E9	3.267975646259559E9	9.754267676381453E9	1.685068577293677E9	9.902956503816847E8	3.5875	2.2	18.75	237.5	51.875	Cost not reduced at windowLength+dwindowLength.
248	173	12	1	2.072848907496762E10	1.5647638638439356E10	1.8088814209249275E9	3.271969015603335E9	9.779774149024597E9	1.6444376553862975E9	9.915057623040409E8	3.5625	2.2	18.75	237.5	51.875	Cost not reduced at windowLength-dwindowLength.
249	173	13	1	2.0733540049760994E10	1.5661822922553062E10	1.7958227606494832E9	3.2758943665584497E9	9.788639326595663E9	1.6325661460449846E9	9.926952625934696E8	3.575	2.1875	18.75	237.5	51.875	Cost not reduced at windowWidth-dwindowWidth.
250	173	14	1	2.073282138721725E10	1.5635956186053825E10	1.826647507791316E9	3.27021769337211E9	9.77247261628364E9	1.6605886434466507E9	9.909750585976092E8	3.575	2.2	18.6875	237.5	51.875	Cost not reduced at setpointT-dsetpointT.
251	173	15	1	2.0728839756802578E10	1.5620732367058027E10	1.8384476129487278E9	3.2696597767958207E9	9.762957729411266E9	1.6713160117715707E9	9.908059929684305E8	3.575	2.2	18.8125	237.5	51.875	Cost not reduced at setpointT+dsetpointT.
252	173	16	1	2.072920958368731E10	1.5626176077525703E10	1.8362477459800043E9	3.2667857601816015E9	9.766360048453564E9	1.6693161327090948E9	9.899350788429096E8	3.575	2.2	18.75	240.0	51.875	Cost not reduced at setpointS+dsetpointS.
253	173	17	1	2.072984041185755E10	1.5628400545298492E10	1.8299725460627282E9	3.2714673204963307E9	9.767750340811558E9	1.663611405511571E9	9.913537334837366E8	3.575	2.2	18.75	235.0	51.875	Cost not reduced at setpointS-dsetpointS.
253	173	18	1	2.0728108876168575E10	1.5624731811397293E10	1.837923429231398E9	3.265453635539883E9	9.765457382123308E9	1.6708394811194527E9	9.895314047090555E8	3.575	2.2	18.75	237.5	52.5	Cost not reduced at slatAng+dslatAng.
253	173	19	1	2.0728773754651886E10	1.562916248913057E10	1.8246615696040797E9	3.2749496959172354E9	9.768226555706606E9	1.6587832450946178E9	9.924089987627987E8	3.575	2.2	18.75	237.5	51.25	Cost not reduced at slatAng-dslatAng.
237	173	20	1	2.072806671907381E10	1.5627005306376005E10	1.831102491885515E9	3.2699589208122916E9	9.766878316485003E9	1.6646386289868317E9	9.908966426703914E8	3.575	2.2	18.75	237.5	51.875	Iteration step did not reduce cost. Reduce step size to '0.0625'.
253	174	1	1	2.072806671907381E10	1.5627005306376005E10	1.831102491885515E9	3.2699589208122916E9	9.766878316485003E9	1.6646386289868317E9	9.908966426703914E8	3.575	2.2	18.75	237.5	51.875	Exploration base, Delta = 0.0625.
254	174	2	1	2.072814032925992E10	1.5616905268402174E10	1.8422704979946446E9	3.2689645628630967E9	9.760565792751358E9	1.6747913618133132E9	9.905953220797263E8	3.58125	2.2	18.75	237.5	51.875	Cost not reduced at windowLength+dwindowLength.
255	174	3	1	2.072820841762761E10	1.5637215890091236E10	1.8200317499646378E9	3.270960777571737E9	9.773259931307022E9	1.6545743181496706E9	9.91200235627799E8	3.56875	2.2	18.75	237.5	51.875	Cost not reduced at windowLength-dwindowLength.
256	174	4	1	2.073055313013404E10	1.5644223554662062E10	1.8134298951126087E9	3.2728996803593693E9	9.777639721663788E9	1.6485726319205532E9	9.917877819270816E8	3.575	2.19375	18.75	237.5	51.875	Cost not reduced at windowWidth-dwindowWidth.
257	174	5	1	2.0730462346597435E10	1.5631812967072783E10	1.8285593065076647E9	3.270090073016986E9	9.769883104420488E9	1.662326642279695E9	9.909363857627231E8	3.575	2.2	18.71875	237.5	51.875	Cost not reduced at setpointT-dsetpointT.
258	174	6	1	2.0728372592683052E10	1.5621603395345718E10	1.837109420541513E9	3.2696597767958207E9	9.763502122091074E9	1.670099473219557E9	9.908059929684305E8	3.575	2.2	18.78125	237.5	51.875	Cost not reduced at setpointT+dsetpointT.
259	174	7	1	2.072864748018071E10	1.5626888848208475E10	1.8325593843206823E9	3.269199247651552E9	9.766805530130297E9	1.6659630766551657E9	9.906664386822885E8	3.575	2.2	18.75	238.75	51.875	Cost not reduced at setpointS+dsetpointS.
260	174	8	1	2.0728941038560352E10	1.562772058221022E10	1.8306842868457706E9	3.270536169504359E9	9.767325363881388E9	1.664258442587064E9	9.910715665164725E8	3.575	2.2	18.75	236.25	51.875	Cost not reduced at setpointS-dsetpointS.
261	174	9	1	2.072789372750109E10	1.5625889190909199E10	1.8344297856589122E9	3.267574750932981E9	9.766180744318249E9	1.667663441508102E9	9.901741669493883E8	3.575	2.2	18.75	237.5	52.1875	Cost reduced     at slatAng+dslatAng.
261	174	10	1	2.072789372750109E10	1.5625889190909199E10	1.8344297856589122E9	3.267574750932981E9	9.766180744318249E9	1.667663441508102E9	9.901741669493883E8	3.575	2.2	18.75	237.5	52.1875	Global search reduced cost.
261	175	1	1	2.0728108876168575E10	1.5624731811397293E10	1.837923429231398E9	3.265453635539883E9	9.765457382123308E9	1.6708394811194527E9	9.895314047090555E8	3.575	2.2	18.75	237.5	52.5	Exploration base, Delta = 0.0625.
262	175	2	1	2.0728249798540092E10	1.5614646690082249E10	1.8491203102895744E9	3.2644827981682715E9	9.759154181301405E9	1.681018463899613E9	9.892372115661429E8	3.58125	2.2	18.75	237.5	52.5	Cost not reduced at windowLength+dwindowLength.
263	175	3	1	2.0728207045064983E10	1.5634953967826653E10	1.8268225430185995E9	3.2664305342197313E9	9.771846229891657E9	1.660747766380545E9	9.898274346120398E8	3.56875	2.2	18.75	237.5	52.5	Cost not reduced at windowLength-dwindowLength.
264	175	4	1	2.0730480457773125E10	1.5641961253114038E10	1.8201997110794735E9	3.268319493579614E9	9.776225783196274E9	1.6547270100722485E9	9.903998465392771E8	3.575	2.19375	18.75	237.5	52.5	Cost not reduced at windowWidth-dwindowWidth.
265	175	5	1	2.073034329186008E10	1.562948293250216E10	1.8352830497868018E9	3.26557730957112E9	9.768426832813848E9	1.6684391361698196E9	9.895688816882182E8	3.575	2.2	18.71875	237.5	52.5	Cost not reduced at setpointT-dsetpointT.
266	175	6	1	2.0728443124889168E10	1.5619355506285404E10	1.8439182346077971E9	3.265169383995969E9	9.762097191428377E9	1.6762893041889064E9	9.894452678775663E8	3.575	2.2	18.78125	237.5	52.5	Cost not reduced at setpointT+dsetpointT.
267	175	7	1	2.072869749216368E10	1.5624617352729408E10	1.839372864800894E9	3.264707274633379E9	9.76538584545588E9	1.6721571498189945E9	9.893052347373877E8	3.575	2.2	18.75	238.75	52.5	Cost not reduced at setpointS+dsetpointS.
268	175	8	1	2.0728957641487923E10	1.5625440539559538E10	1.837497234320091E9	3.2660198676082945E9	9.76590033722471E9	1.6704520312000825E9	9.897029901843318E8	3.575	2.2	18.75	236.25	52.5	Cost not reduced at setpointS-dsetpointS.
269	175	9	1	2.0728650843289787E10	1.5623560462441477E10	1.8415594634420233E9	3.2635309174062877E9	9.764725289025923E9	1.6741449667654755E9	9.889487628503902E8	3.575	2.2	18.75	237.5	52.8125	Cost not reduced at slatAng+dslatAng.
269	175	10	1	2.072789372750109E10	1.5625889190909199E10	1.8344297856589122E9	3.267574750932981E9	9.766180744318249E9	1.667663441508102E9	9.901741669493883E8	3.575	2.2	18.75	237.5	52.1875	Cost reduced     at slatAng-dslatAng.
270	175	11	1	2.072799415156367E10	1.5615790962572935E10	1.8456103113712554E9	3.2665928776194816E9	9.759869351608084E9	1.6778275557920501E9	9.898766295816611E8	3.58125	2.2	18.75	237.5	52.1875	Cost not reduced at windowLength+dwindowLength.
271	175	12	1	2.0728010292664413E10	1.5636100181758781E10	1.8233456907666984E9	3.2685644201389337E9	9.772562613599237E9	1.6575869916060894E9	9.904740667087679E8	3.56875	2.2	18.75	237.5	52.1875	Cost not reduced at windowLength-dwindowLength.
272	175	13	1	2.0730317130104874E10	1.5643106127642862E10	1.816731695279506E9	3.270479307182505E9	9.776941329776789E9	1.6515742684359143E9	9.9105433550985E8	3.575	2.19375	18.75	237.5	52.1875	Cost not reduced at windowWidth-dwindowWidth.
273	175	14	1	2.0730207137010696E10	1.5630667907303993E10	1.831837266953195E9	3.267701962753509E9	9.769167442064995E9	1.6653066063210864E9	9.902127159859118E8	3.575	2.2	18.71875	237.5	52.1875	Cost not reduced at setpointT-dsetpointT.
274	175	15	1	2.0728212147515762E10	1.5620499409283302E10	1.8404293392967246E9	3.267283398935732E9	9.762812130802063E9	1.6731175811788404E9	9.900858784653734E8	3.575	2.2	18.78125	237.5	52.1875	Cost not reduced at setpointT+dsetpointT.
275	175	16	1	2.072847881458671E10	1.5625773815716032E10	1.835882899285953E9	3.266822099584727E9	9.76610863482252E9	1.6689844538963208E9	9.899460907832506E8	3.575	2.2	18.75	238.75	52.1875	Cost not reduced at setpointS+dsetpointS.
276	175	17	1	2.072875636334135E10	1.5626601428828022E10	1.8340087349736233E9	3.268146199539708E9	9.766625893017513E9	1.6672806681578393E9	9.90347333193851E8	3.575	2.2	18.75	236.25	52.1875	Cost not reduced at setpointS-dsetpointS.
276	175	18	1	2.072806671907381E10	1.5627005306376005E10	1.831102491885515E9	3.2699589208122916E9	9.766878316485003E9	1.6646386289868317E9	9.908966426703914E8	3.575	2.2	18.75	237.5	51.875	Cost not reduced at slatAng-dslatAng.
276	175	19	1	2.0728108876168575E10	1.5624731811397293E10	1.837923429231398E9	3.265453635539883E9	9.765457382123308E9	1.6708394811194527E9	9.895314047090555E8	3.575	2.2	18.75	237.5	52.5	Cost not reduced at slatAng+dslatAng.
261	175	20	1	2.072789372750109E10	1.5625889190909199E10	1.8344297856589122E9	3.267574750932981E9	9.766180744318249E9	1.667663441508102E9	9.901741669493883E8	3.575	2.2	18.75	237.5	52.1875	Iteration step did not reduce cost. Maximum number of step reductions reached.
261	175	21	1	2.072789372750109E10	1.5625889190909199E10	1.8344297856589122E9	3.267574750932981E9	9.766180744318249E9	1.667663441508102E9	9.901741669493883E8	3.575	2.2	18.75	237.5	52.1875	Minimum point.
